omega:    5.00000
   rho:            u1:                u2:                 u3:
0.012500000   5.095830590E-05   8.734622825E-05   0.0001178334337
0.025000000   0.0002037376945   0.0003490028995   0.0004705240187
0.037500000   0.0004580518024   0.0007838257204    0.001055648274
0.050000000   0.0008134241025    0.001389913352    0.001869185917
0.062500000    0.001269189020    0.002164616101    0.002905547992
0.075000000    0.001824493491    0.003104548038    0.004157615975
0.087500000    0.002478298956    0.004205602460    0.005616791558
0.10000000    0.003229383787    0.005462970650    0.007273056765
0.11250000    0.004076346138    0.006871163815    0.009115043960
0.12500000    0.005017607213    0.008424038120     0.01113011524
0.13750000    0.006051414940     0.01011482267     0.01330445067
0.15000000    0.007175848038     0.01193615034     0.01562314465
0.16250000    0.008388820472     0.01388009122     0.01807030982
0.17500000    0.009688086283     0.01593818869     0.02062918773
0.18750000     0.01107124476     0.01810149767     0.02328226536
0.20000000     0.01253574598     0.02036062517     0.02601139690
0.21250000     0.01407889666     0.02270577272     0.02879792964
0.22500000     0.01569786628     0.02512678053     0.03162283333
0.23750000     0.01738969361     0.02761317326     0.03446683187
0.25000000     0.01915129339     0.03015420705     0.03731053660
0.26250000     0.02097946331     0.03273891768     0.04013457999
0.27500000     0.02287089126     0.03535616953     0.04291974911
0.28750000     0.02482216275     0.03799470526     0.04564711761
0.30000000     0.02682976854     0.04064319583     0.04829817554
0.31250000     0.02889011247     0.04329029067     0.05085495595
0.32500000     0.03099951936     0.04592466779     0.05330015742
0.33750000     0.03315424316     0.04853508362     0.05561726172
0.35000000     0.03535047511     0.05111042224     0.05779064572
0.36250000     0.03758435204     0.05363974386     0.05980568686
0.37500000     0.03985196468     0.05611233235     0.06164886132
0.38750000     0.04214936610     0.05851774151     0.06330783440
0.40000000     0.04447258007     0.06084583994     0.06477154239
0.41250000     0.04681760949     0.06308685431     0.06603026541
0.42500000     0.04918044476     0.06523141077     0.06707569076
0.43750000     0.05155707212     0.06727057443     0.06790096634
0.45000000     0.05394348190     0.06919588666     0.06850074391
0.46250000     0.05633567671     0.07099939999     0.06887121171
0.47500000     0.05872967950     0.07267371066     0.06901011655
0.48750000     0.06112154152     0.07421198847     0.06891677501
0.50000000     0.06350735008     0.07560800397     0.06859207386
0.51250000     0.06588323620     0.07685615276     0.06803845971
0.52500000     0.06824538204     0.07795147694     0.06725991802
0.53750000     0.07059002814     0.07888968344     0.06626194162
0.55000000     0.07291348044     0.07966715945     0.06505148911
0.56250000     0.07521211708     0.08028098460     0.06363693343
0.57500000     0.07748239493     0.08072894007     0.06202800093
0.58750000     0.07972085586     0.08100951453     0.06023570156
0.60000000     0.08192413276     0.08112190691     0.05827225063
0.61250000     0.08408895522     0.08106602604     0.05615098271
0.62500000     0.08621215500     0.08084248718     0.05388625838
0.63750000     0.08829067109     0.08045260548     0.05149336443
0.65000000     0.09032155453     0.07989838641     0.04898840833
0.66250000     0.09230197287     0.07918251325     0.04638820764
0.67500000     0.09422921430     0.07830833177     0.04371017523
0.68750000     0.09610069146     0.07727983210     0.04097220111
0.70000000     0.09791394489     0.07610162795     0.03819253157
0.71250000     0.09966664615     0.07477893339     0.03538964676
0.72500000      0.1013566006     0.07331753710     0.03258213723
0.73750000      0.1029817497     0.07172377449     0.02978858051
0.75000000      0.1045401732     0.07000449763     0.02702741851
0.76250000      0.1060300910     0.06816704327     0.02431683648
0.77500000      0.1074498641     0.06621919913     0.02167464450
0.78750000      0.1087979960     0.06416916844     0.01911816211
0.80000000      0.1100731331     0.06202553325     0.01666410700
0.81250000      0.1112740653     0.05979721627     0.01432848838
0.82500000      0.1123997260     0.05749344188     0.01212650570
0.83750000      0.1134491913     0.05512369602     0.01007245346
0.85000000      0.1144216801     0.05269768563    0.008179632582
0.86250000      0.1153165525     0.05022529738    0.006460268991
0.87500000      0.1161333092     0.04771655628    0.004925439782
0.88750000      0.1168715892     0.04518158401    0.003585007496
0.90000000      0.1175311686     0.04263055741    0.002447562820
0.91250000      0.1181119581     0.04007366720    0.001520376029
0.92500000      0.1186140009     0.03752107712   0.0008093574168
0.93750000      0.1190374698     0.03498288364   0.0003190268911
0.95000000      0.1193826647     0.03246907650   5.249284996E-05
0.96250000      0.1196500093     0.02998950012   1.144038974E-05
0.97500000      0.1198400476     0.02755381614   0.0001961288314
0.98750000      0.1199534408     0.02517146716   0.0006053984888
 1.0000000      0.1199909634     0.02285164188    0.001236686541
 1.0125000      0.1199534994     0.02060324171    0.002086051810
 1.0250000      0.1198420381     0.01843484905    0.003148208195
 1.0375000      0.1196576701     0.01635469726    0.004416566441
 1.0500000      0.1194015831     0.01437064250    0.005883283889
 1.0625000      0.1190750572     0.01249013745    0.007539321795
 1.0750000      0.1186794606     0.01072020717    0.009374509759
 1.0875000      0.1182162449    0.009067426851     0.01137761676
 1.1000000      0.1176869403    0.007537901869     0.01353642829
 1.1125000      0.1170931510    0.006137249958     0.01583782896
 1.1250000      0.1164365505    0.004870585622     0.01826789003
 1.1375000      0.1157188764    0.003742506805     0.02081196125
 1.1500000      0.1149419259    0.002757083837     0.02345476631
 1.1625000      0.1141075507    0.001917850656     0.02618050130
 1.1750000      0.1132176523    0.001227798302     0.02897293548
 1.1875000      0.1122741768   0.0006893706761     0.03181551370
 1.2000000      0.1112791107   0.0003044625254     0.03469145979
 1.2125000      0.1102344756   7.441963748E-05     0.03758388026
 1.2250000      0.1091423235   4.118650118E-08     0.04047586761
 1.2375000      0.1080047323   8.158418643E-05     0.04335060272
 1.2500000      0.1068238013   0.0003187699888     0.04619145545
 1.2625000      0.1056016463   0.0007107927574     0.04898208312
 1.2750000      0.1043403954    0.001256329844     0.05170652606
 1.2875000      0.1030421848    0.001953553983     0.05434929982
 1.3000000      0.1017091541    0.002800147218     0.05689548337
 1.3125000      0.1003434428    0.003793316463     0.05933080294
 1.3250000     0.09894718580    0.004929810602     0.06164171092
 1.3375000     0.09752250974    0.006205939021     0.06381545950
 1.3500000     0.09607152922    0.007617591469     0.06584016855
 1.3625000     0.09459634326    0.009160259131     0.06770488757
 1.3750000     0.09309903173     0.01082905680     0.06939965126
 1.3875000     0.09158165214     0.01261874606     0.07091552852
 1.4000000     0.09004623643     0.01452375927     0.07224466474
 1.4125000     0.08849478795     0.01653822441     0.07338031719
 1.4250000     0.08692927866     0.01865599042     0.07431688326
 1.4375000     0.08535164638     0.02087065323     0.07504992182
 1.4500000     0.08376379231     0.02317558197     0.07557616728
 1.4625000     0.08216757862     0.02556394567     0.07589353674
 1.4750000     0.08056482625     0.02802873999     0.07600113008
 1.4875000     0.07895731288     0.03056281408     0.07589922314
 1.5000000     0.07734677103     0.03315889731     0.07558925429
 1.5125000     0.07573488633     0.03580962597     0.07507380433
 1.5250000     0.07412329595     0.03850756952     0.07435657025
 1.5375000     0.07251358723     0.04124525668     0.07344233285
 1.5500000     0.07090729636     0.04401520093     0.07233691869
 1.5625000     0.06930590734     0.04680992549     0.07104715662
 1.5750000     0.06771085101     0.04962198775     0.06958082930
 1.5875000     0.06612350425     0.05244400284     0.06794662000
 1.6000000     0.06454518930     0.05526866660     0.06615405517
 1.6125000     0.06297717329     0.05808877756     0.06421344316
 1.6250000     0.06142066783     0.06089725805     0.06213580950
 1.6375000     0.05987682878     0.06368717434     0.05993282921
 1.6500000     0.05834675609     0.06645175579     0.05761675658
 1.6625000     0.05683149388     0.06918441286     0.05520035287
 1.6750000     0.05533203049     0.07187875407     0.05269681245
 1.6875000     0.05384929878     0.07452860178     0.05011968765
 1.7000000     0.05238417643     0.07712800683     0.04748281308
 1.7125000     0.05093748643     0.07967126197     0.04480022954
 1.7250000     0.04950999761     0.08215291409     0.04208610823
 1.7375000     0.04810242529     0.08456777519     0.03935467547
 1.7500000     0.04671543203     0.08691093221     0.03662013853
 1.7625000     0.04534962844     0.08917775552     0.03389661281
 1.7750000     0.04400557404     0.09136390630     0.03119805086
 1.7875000     0.04268377831     0.09346534263     0.02853817359
 1.8000000     0.04138470163     0.09547832443     0.02593040385
 1.8125000     0.04010875646     0.09739941716     0.02338780301
 1.8250000     0.03885630844     0.09922549448     0.02092301047
 1.8375000     0.03762767762      0.1009537396     0.01854818661
 1.8500000     0.03642313973      0.1025816459     0.01627495940
 1.8625000     0.03524292741      0.1041070157     0.01411437471
 1.8750000     0.03408723162      0.1055279593     0.01207685070
 1.8875000     0.03295620295      0.1068428915     0.01017213635
 1.9000000     0.03184995304      0.1080505286    0.008409274265
 1.9125000     0.03076855597      0.1091498832    0.006796567848
 1.9250000     0.02971204969      0.1101402596    0.005341552971
 1.9375000     0.02868043750      0.1110212469    0.004050974101
 1.9500000     0.02767368945      0.1117927124    0.002930764955
 1.9625000     0.02669174385      0.1124547940    0.001986033668
 1.9750000     0.02573450868      0.1130078915    0.001221052424
 1.9875000     0.02480186312      0.1134526585   0.0006392515056
 2.0000000     0.02389365894      0.1137899921   0.0002432176686
 2.0125000     0.02300972197      0.1140210237   3.469675076E-05
 2.0250000     0.02214985356      0.1141471084   1.460037682E-05
 2.0375000     0.02131383196      0.1141698141   0.0001830166250
 2.0500000     0.02050141375      0.1140909109   0.0005392244890
 2.0625000     0.01971233522      0.1139123595    0.001081711958
 2.0750000     0.01894631373      0.1136362997    0.001808197521
 2.0875000     0.01820304904      0.1132650387    0.002715654893
 2.1000000     0.01748222465      0.1128010396    0.003800340742
 2.1125000     0.01678350904      0.1122469091    0.005057825183
 2.1250000     0.01610655697      0.1116053857    0.006483024825
 2.1375000     0.01545101065      0.1108793279    0.008070238102
 2.1500000     0.01481650098      0.1100717024    0.009813182657
 2.1625000     0.01420264868      0.1091855720     0.01170503453
 2.1750000     0.01360906541      0.1082240845     0.01373846889
 2.1875000     0.01303535483      0.1071904607     0.01590570205
 2.2000000     0.01248111372      0.1060879837     0.01819853457
 2.2125000     0.01194593290      0.1049199874     0.02060839508
 2.2250000     0.01142939825      0.1036898462     0.02312638474
 2.2375000     0.01093109164      0.1024009641     0.02574332195
 2.2500000     0.01045059182      0.1010567649     0.02844978718
 2.2625000    0.009987475255     0.09966068231     0.03123616763
 2.2750000    0.009541316976     0.09821615056     0.03409270151
 2.2875000    0.009111691326     0.09672659515     0.03700952183
 2.3000000    0.008698172716     0.09519542436     0.03997669936
 2.3125000    0.008300336317     0.09362602094     0.04298428461
 2.3250000    0.007917758728     0.09202173422     0.04602234877
 2.3375000    0.007550018595     0.09038587272     0.04908102333
 2.3500000    0.007196697204     0.08872169717     0.05215053819
 2.3625000    0.006857379027     0.08703241392     0.05522125834
 2.3750000    0.006531652244     0.08532116884     0.05828371869
 2.3875000    0.006219109215     0.08359104167     0.06132865722
 2.4000000    0.005919346933     0.08184504074     0.06434704611
 2.4125000    0.005631967437     0.08008609824     0.06733012101
 2.4250000    0.005356578187     0.07831706580     0.07026940815
 2.4375000    0.005092792417     0.07654071062     0.07315674937
 2.4500000    0.004840229451     0.07475971195     0.07598432501
 2.4625000    0.004598514994     0.07297665796     0.07874467462
 2.4750000    0.004367281387     0.07119404314     0.08143071539
 2.4875000    0.004146167845     0.06941426596     0.08403575848
 2.5000000    0.003934820655     0.06763962701     0.08655352305
 2.5125000    0.003732893361     0.06587232744     0.08897814815
 2.5250000    0.003540046918     0.06411446784     0.09130420244
 2.5375000    0.003355949820     0.06236804740     0.09352669174
 2.5500000    0.003180278214     0.06063496344     0.09564106455
 2.5625000    0.003012715983     0.05891701125     0.09764321554
 2.5750000    0.002852954818     0.05721588425     0.09952948700
 2.5875000    0.002700694260     0.05553317436      0.1012966685
 2.6000000    0.002555641734     0.05387037280      0.1029419946
 2.6125000    0.002417512560     0.05222887095      0.1044631411
 2.6250000    0.002286029949     0.05060996163      0.1058582191
 2.6375000    0.002160924984     0.04901484047      0.1071257680
 2.6500000    0.002041936584     0.04744460758      0.1082647469
 2.6625000    0.001928811462     0.04590026935      0.1092745248
 2.6750000    0.001821304059     0.04438274047      0.1101548687
 2.6875000    0.001719176482     0.04289284609      0.1109059316
 2.7000000    0.001622198411     0.04143132409      0.1115282393
 2.7125000    0.001530147017     0.03999882759      0.1120226750
 2.7250000    0.001442806858     0.03859592744      0.1123904651
 2.7375000    0.001359969768     0.03722311488      0.1126331621
 2.7500000    0.001281434747     0.03588080433      0.1127526286
 2.7625000    0.001207007829     0.03456933615      0.1127510199
 2.7750000    0.001136501963     0.03328897953      0.1126307660
 2.7875000    0.001069736871     0.03203993543      0.1123945536
 2.8000000    0.001006538913     0.03082233953      0.1120453082
 2.8125000   0.0009467409438     0.02963626518      0.1115861750
 2.8250000   0.0008901821644     0.02848172647      0.1110205008
 2.8375000   0.0008367079747     0.02735868115      0.1103518152
 2.8500000   0.0007861698210     0.02626703368      0.1095838121
 2.8625000   0.0007384250422     0.02520663816      0.1087203314
 2.8750000   0.0006933367149     0.02417730135      0.1077653410
 2.8875000   0.0006507734971     0.02317878551      0.1067229190
 2.9000000   0.0006106094720     0.02221081136      0.1055972358
 2.9125000   0.0005727239909     0.02127306085      0.1043925379
 2.9250000   0.0005370015169     0.02036518000      0.1031131303
 2.9375000   0.0005033314689     0.01948678157      0.1017633614
 2.9500000   0.0004716080664     0.01863744776      0.1003476068
 2.9625000   0.0004417301756     0.01781673278     0.09887025488
 2.9750000   0.0004136011572     0.01702416540     0.09733569201
 2.9875000   0.0003871287150     0.01625925136     0.09574828936
 3.0000000   0.0003622247477     0.01552147574     0.09411238975
 3.0125000   0.0003388052018     0.01481030528     0.09243229539
 3.0250000   0.0003167899269     0.01412519052     0.09071225643
 3.0375000   0.0002961025342     0.01346556797     0.08895646006
 3.0500000   0.0002766702570     0.01283086211     0.08716902051
 3.0625000   0.0002584238137     0.01222048733     0.08535396967
 3.0750000   0.0002412972746     0.01163384980     0.08351524854
 3.0875000   0.0002252279309     0.01107034919     0.08165669932
 3.1000000   0.0002101561668     0.01052938039     0.07978205834
 3.1125000   0.0001960253351     0.01001033507     0.07789494962
 3.1250000   0.0001827816360    0.009512603188     0.07599887919
 3.1375000   0.0001703739984    0.009035574376     0.07409723008
 3.1500000   0.0001587539653    0.008578639301     0.07219325803
 3.1625000   0.0001478755822    0.008141190878     0.07029008780
 3.1750000   0.0001376952887    0.007722625442     0.06839071017
 3.1875000   0.0001281718131    0.007322343817     0.06649797952
 3.2000000   0.0001192660714    0.006939752319     0.06461461205
 3.2125000   0.0001109410680    0.006574263673     0.06274318454
 3.2250000   0.0001031618013    0.006225297862     0.06088613360
 3.2375000   9.589517092E-05    0.005892282901     0.05904575558
 3.2500000   8.910988954E-05    0.005574655538     0.05722420679
 3.2625000   8.277639697E-05    0.005271861893     0.05542350434
 3.2750000   7.686677774E-05    0.004983358028     0.05364552727
 3.2875000   7.135468164E-05    0.004708610459     0.05189201822
 3.3000000   6.621524726E-05    0.004447096599     0.05016458534
 3.3125000   6.142502855E-05    0.004198305156     0.04846470465
 3.3250000   5.696192418E-05    0.003961736470     0.04679372267
 3.3375000   5.280510982E-05    0.003736902795     0.04515285932
 3.3500000   4.893497313E-05    0.003523328540     0.04354321112
 3.3625000   4.533305141E-05    0.003320550458     0.04196575462
 3.3750000   4.198197200E-05    0.003128117792     0.04042134997
 3.3875000   3.886539510E-05    0.002945592380     0.03891074478
 3.4000000   3.596795913E-05    0.002772548725     0.03743457804
 3.4125000   3.327522853E-05    0.002608574020     0.03599338422
 3.4250000   3.077364385E-05    0.002453268147     0.03458759747
 3.4375000   2.845047413E-05    0.002306243645     0.03321755590
 3.4500000   2.629377145E-05    0.002167125641     0.03188350590
 3.4625000   2.429232762E-05    0.002035551760     0.03058560657
 3.4750000   2.243563292E-05    0.001911172015     0.02932393413
 3.4875000   2.071383680E-05    0.001793648659     0.02809848631
 3.5000000   1.911771047E-05    0.001682656034     0.02690918679
 3.5125000   1.763861136E-05    0.001577880391     0.02575588960
 3.5250000   1.626844931E-05    0.001479019695     0.02463838341
 3.5375000   1.499965447E-05    0.001385783414     0.02355639591
 3.5500000   1.382514685E-05    0.001297892300     0.02250959797
 3.5625000   1.273830735E-05    0.001215078152     0.02149760781
 3.5750000   1.173295043E-05    0.001137083573     0.02051999508
 3.5875000   1.080329806E-05    0.001063661714     0.01957628480
 3.6000000   9.943955176E-06   0.0009945760169     0.01866596124
 3.6125000   9.149886349E-06   0.0009295999431     0.01778847167
 3.6250000   8.416393795E-06   0.0008685167061     0.01694322997
 3.6375000   7.739096528E-06   0.0008111189940     0.01612962017
 3.6500000   7.113910685E-06   0.0007572086919     0.01534699979
 3.6625000   6.537030944E-06   0.0007065966022     0.01459470311
 3.6750000   6.004912974E-06   0.0006591021642     0.01387204427
 3.6875000   5.514256889E-06   0.0006145531742     0.01317832025
 3.7000000   5.061991642E-06   0.0005727855055     0.01251281370
 3.7125000   4.645260317E-06   0.0005336428312     0.01187479563
 3.7250000   4.261406278E-06   0.0004969763487     0.01126352796
 3.7375000   3.907960129E-06   0.0004626445067     0.01067826596
 3.7500000   3.582627445E-06   0.0004305127370     0.01011826049
 3.7625000   3.283277230E-06   0.0004004531885    0.009582760156
 3.7750000   3.007931077E-06   0.0003723444669    0.009071013329
 3.7875000   2.754752972E-06   0.0003460713785    0.008582269988
 3.8000000   2.522039733E-06   0.0003215246795    0.008115783474
 3.8125000   2.308212027E-06   0.0002986008302    0.007670812103
 3.8250000   2.111805948E-06   0.0002772017554    0.007246620650
 3.8375000   1.931465120E-06   0.0002572346104    0.006842481720
 3.8500000   1.765933299E-06   0.0002386115532    0.006457676996
 3.8625000   1.614047438E-06   0.0002212495226    0.006091498380
 3.8750000   1.474731200E-06   0.0002050700232    0.005743249022
 3.8875000   1.346988884E-06   0.0001899989163    0.005412244239
 3.9000000   1.229899751E-06   0.0001759662177    0.005097812348
 3.9125000   1.122612709E-06   0.0001629059015    0.004799295386
 3.9250000   1.024341354E-06   0.0001507557109    0.004516049750
 3.9375000   9.343593403E-07   0.0001394569754    0.004247446748
 3.9500000   8.519960529E-07   0.0001289544345    0.003992873064
 3.9625000   7.766325728E-07   0.0001191960673    0.003751731147
 3.9750000   7.076979145E-07   0.0001101329297    0.003523439528
 3.9875000   6.446655175E-07   0.0001017189964    0.003307433064
 4.0000000   5.870499781E-07   9.391101034E-05    0.003103163120
 4.0125000   5.344040055E-07   8.666833730E-05    0.002910097691
 4.0250000   4.863155882E-07   7.995282726E-05    0.002727721463
 4.0375000   4.424053574E-07   7.372868103E-05    0.002555535825
 4.0500000   4.023241354E-07   6.796232289E-05    0.002393058835
 4.0625000   3.657506560E-07   6.262227871E-05    0.002239825131
 4.0750000   3.323894468E-07   5.767905958E-05    0.002095385815
 4.0875000   3.019688620E-07   5.310505066E-05    0.001959308288
 4.1000000   2.742392568E-07   4.887440520E-05    0.001831176056
 4.1125000   2.489712926E-07   4.496294356E-05    0.001710588505
 4.1250000   2.259543658E-07   4.134805699E-05    0.001597160648
 4.1375000   2.049951503E-07   3.800861621E-05    0.001490522842
 4.1500000   1.859162481E-07   3.492488432E-05    0.001390320498
 4.1625000   1.685549383E-07   3.207843421E-05    0.001296213750
 4.1750000   1.527620190E-07   2.945207011E-05    0.001207877128
 4.1875000   1.384007365E-07   2.702975310E-05    0.001124999207
 4.2000000   1.253457931E-07   2.479653067E-05    0.001047282239
 4.2125000   1.134824316E-07   2.273846979E-05   0.0009744417903
 4.2250000   1.027055874E-07   2.084259374E-05   0.0009062063556
 4.2375000   9.291910622E-08   1.909682227E-05   0.0008423169756
 4.2500000   8.403502158E-08   1.748991503E-05   0.0007825268476
 4.2625000   7.597288752E-08   1.601141816E-05   0.0007266009327
 4.2750000   6.865916326E-08   1.465161390E-05   0.0006743155638
 4.2875000   6.202664556E-08   1.340147302E-05   0.0006254580519
 4.3000000   5.601394552E-08   1.225260997E-05   0.0005798262960
 4.3125000   5.056500640E-08   1.119724064E-05   0.0005372283935
 4.3250000   4.562865953E-08   1.022814265E-05   0.0004974822563
 4.3375000   4.115821543E-08   9.338617859E-06   0.0004604152301
 4.3500000   3.711108754E-08   8.522457267E-06   0.0004258637200
 4.3625000   3.344844608E-08   7.773907905E-06   0.0003936728218
 4.3750000   3.013489976E-08   7.087641821E-06   0.0003636959605
 4.3875000   2.713820323E-08   6.458726943E-06   0.0003357945363
 4.4000000   2.442898828E-08   5.882599757E-06   0.0003098375781
 4.4125000   2.198051706E-08   5.355039691E-06   0.0002857014060
 4.4250000   1.976845545E-08   4.872145129E-06   0.0002632693023
 4.4375000   1.777066511E-08   4.430310942E-06   0.0002424311910
 4.4500000   1.596701286E-08   4.026207473E-06   0.0002230833280
 4.4625000   1.433919573E-08   3.656760880E-06   0.0002051279991
 4.4750000   1.287058078E-08   3.319134764E-06   0.0001884732287
 4.4875000   1.154605829E-08   3.010713018E-06   0.0001730324982
 4.5000000   1.035190732E-08   2.729083804E-06   0.0001587244735
 4.5125000   9.275672706E-09   2.472024612E-06   0.0001454727429
 4.5250000   8.306052444E-09   2.237488324E-06   0.0001332055646
 4.5375000   7.432794761E-09   2.023590234E-06   0.0001218556235
 4.5500000   6.646603984E-09   1.828595952E-06   0.0001113597982
 4.5625000   5.939054531E-09   1.650910145E-06   0.0001016589374
 4.5750000   5.302512350E-09   1.489066071E-06   9.269764514E-05
 4.5875000   4.730063182E-09   1.341715837E-06   8.442407584E-05
 4.6000000   4.215447104E-09   1.207621355E-06   7.678973819E-05
 4.6125000   3.752998799E-09   1.085645941E-06   6.974930790E-05
 4.6250000   3.337593105E-09   9.747465144E-07   6.326044913E-05
 4.6375000   2.964595372E-09   8.739663708E-07   5.728364442E-05
 4.6500000   2.629816245E-09   7.824284738E-07   5.178203288E-05
 4.6625000   2.329470485E-09   6.993292466E-07   4.672125639E-05
 4.6750000   2.060139486E-09   6.239328225E-07   4.206931368E-05
 4.6875000   1.818737177E-09   5.555657267E-07   3.779642194E-05
 4.7000000   1.602479022E-09   4.936119600E-07   3.387488584E-05
 4.7125000   1.408853841E-09   4.375084568E-07   3.027897376E-05
 4.7250000   1.235598226E-09   3.867408945E-07   2.698480079E-05
 4.7375000   1.080673313E-09   3.408398285E-07   2.397021863E-05
 4.7500000   9.422437204E-10   2.993771317E-07   2.121471183E-05
 4.7625000   8.186584576E-10   2.619627186E-07   1.869930043E-05
 4.7750000   7.084336410E-10   2.282415346E-07   1.640644866E-05
 4.7875000   6.102368585E-10   1.978907928E-07   1.431997951E-05
 4.8000000   5.228730433E-10   1.706174415E-07   1.242499510E-05
 4.8125000   4.452717287E-10   1.461558495E-07   1.070780254E-05
 4.8250000   3.764755686E-10   1.242656923E-07   9.155845225E-06
 4.8375000   3.156300171E-10   1.047300288E-07   7.757639421E-06
 4.8500000   2.619740735E-10   8.735355689E-08   6.502715930E-06
 4.8625000   2.148320077E-10   7.196103590E-08   5.381566822E-06
 4.8750000   1.736059899E-10   5.839586848E-08   4.385597095E-06
 4.8875000   1.377695560E-10   4.651883244E-08   3.507081194E-06
 4.9000000   1.068618510E-10   3.620695581E-08   2.739124346E-06
 4.9125000   8.048259686E-11   2.735252877E-08   2.075628678E-06
 4.9250000   5.828774123E-11   1.986224719E-08   1.511264121E-06
 4.9375000   3.998574892E-11   1.365648388E-08   1.041444113E-06
 4.9500000   2.533450599E-11   8.668684266E-09   6.623061687E-07
 4.9625000   1.413881225E-11   4.844884541E-09   3.706973912E-07
 4.9750000   6.248445292E-12   2.143351520E-09   1.641650575E-07
 4.9875000   1.556785681E-12   5.343443976E-10   4.095242911E-08
