omega:    0.0100000
   rho:            u1:                u2:                 u3:
0.12500000   4.617282639E-08   2.404937920E-07   6.847283742E-07
0.25000000   2.081749780E-07   1.083721023E-06   3.083886770E-06
0.37500000   5.262162340E-07   2.737035366E-06   7.781801053E-06
0.50000000   1.047715772E-06   5.443140855E-06   1.545708204E-05
0.62500000   1.828032986E-06   9.483070214E-06   2.688875725E-05
0.75000000   2.931228108E-06   1.517916054E-05   4.296198137E-05
0.87500000   4.430850455E-06   2.289800044E-05   6.467322516E-05
 1.0000000   6.410751804E-06   3.305332116E-05   9.313484110E-05
 1.1250000   8.965922060E-06   4.610880261E-05   0.0001295789034
 1.2500000   1.220334407E-05   6.258076404E-05   0.0001753602200
 1.3750000   1.624286410E-05   8.304070790E-05   0.0002319584174
 1.5000000   2.121807415E-05   0.0001081176844   0.0003009789989
 1.6250000   2.727720204E-05   0.0001385004440   0.0003841532848
 1.7500000   3.458400478E-05   0.0001749393435   0.0004833371454
 1.8750000   4.331866053E-05   0.0002182479731   0.0006005084451
 2.0000000   5.367865420E-05   0.0002693044694   0.0007377631246
 2.1250000   6.587965137E-05   0.0003290524828   0.0008973098557
 2.2500000   8.015635499E-05   0.0003985017640    0.001081463215
 2.3750000   9.676333927E-05   0.0004787283405    0.001292635333
 2.5000000   0.0001159758547   0.0005708742514    0.001533325985
 2.6250000   0.0001380905979   0.0006761468106    0.001806111119
 2.7500000   0.0001634264412   0.0007958173742    0.002113629794
 2.8750000   0.0001923251129   0.0009312195837    0.002458569567
 3.0000000   0.0002251518258    0.001083747066    0.002843650343
 3.1250000   0.0002622958433    0.001254850570    0.003271606732
 3.2500000   0.0003041709796    0.001446034519    0.003745168978
 3.3750000   0.0003512160260    0.001658852975    0.004267042542
 3.5000000   0.0004038950976    0.001894904999    0.004839886425
 3.6250000   0.0004626978934    0.002155829399    0.005466290354
 3.7500000   0.0005281398644    0.002443298878    0.006148750953
 3.8750000   0.0006007622832    0.002759013567    0.006889647045
 4.0000000   0.0006811322090    0.003104693966    0.007691214258
 4.1250000   0.0007698423439    0.003482073299    0.008555519090
 4.2500000   0.0008675107737    0.003892889295    0.009484432643
 4.3750000   0.0009747805891    0.004338875430     0.01047960422
 4.5000000    0.001092319383    0.004821751647     0.01154243502
 4.6250000    0.001220818619    0.005343214585     0.01267405207
 4.7500000    0.001360992871    0.005904927362     0.01387528281
 4.8750000    0.001513578924    0.006508508946     0.01514663032
 5.0000000    0.001679334737    0.007155523165     0.01648824967
 5.1250000    0.001859038278    0.007847467404     0.01789992549
 5.2500000    0.002053486201    0.008585761045     0.01938105107
 5.3750000    0.002263492396    0.009371733714     0.02093060914
 5.5000000    0.002489886390     0.01020661339     0.02254715482
 5.6250000    0.002733511614     0.01109151444     0.02422880057
 5.7500000    0.002995223524     0.01202742569     0.02597320380
 5.8750000    0.003275887589     0.01301519852     0.02777755701
 6.0000000    0.003576377147     0.01405553517     0.02963858088
 6.1250000    0.003897571122     0.01514897724     0.03155252034
 6.2500000    0.004240351625     0.01629589447     0.03351514391
 6.3750000    0.004605601423     0.01749647401     0.03552174638
 6.5000000    0.004994201306     0.01875071007     0.03756715499
 6.6250000    0.005407027330     0.02005839412     0.03964573912
 6.7500000    0.005844947968     0.02141910580     0.04175142376
 6.8750000    0.006308821161     0.02283220448     0.04387770657
 7.0000000    0.006799491294     0.02429682160     0.04601767868
 7.1250000    0.007317786080     0.02581185390     0.04816404925
 7.2500000    0.007864513390     0.02737595762     0.05030917364
 7.3750000    0.008440458027     0.02898754363     0.05244508514
 7.5000000    0.009046378445     0.03064477365     0.05456353027
 7.6250000    0.009683003447     0.03234555770     0.05665600729
 7.7500000     0.01035102886     0.03408755256     0.05871380804
 7.8750000     0.01105111417     0.03586816162     0.06072806260
 8.0000000     0.01178387925     0.03768453594     0.06268978679
 8.1250000     0.01254990098     0.03953357662     0.06458993211
 8.2500000     0.01334971000     0.04141193858     0.06641943791
 8.3750000     0.01418378744     0.04331603562     0.06816928539
 8.5000000     0.01505256178     0.04524204694     0.06983055319
 8.6250000     0.01595640570     0.04718592503     0.07139447418
 8.7500000     0.01689563308     0.04914340494     0.07285249300
 8.8750000     0.01787049606     0.05111001495     0.07419632408
 9.0000000     0.01888118223     0.05308108861     0.07541800963
 9.1250000     0.01992781196     0.05505177812     0.07650997727
 9.2500000     0.02101043584     0.05701706899     0.07746509670
 9.3750000     0.02212903228     0.05897179598     0.07827673527
 9.5000000     0.02328350532     0.06091066030     0.07893881170
 9.6250000     0.02447368254     0.06282824787     0.07944584776
 9.7500000     0.02569931321     0.06471904874     0.07979301733
 9.8750000     0.02696006666     0.06657747746     0.07997619256
 10.000000     0.02825553079     0.06839789444     0.07999198656
 10.125000     0.02958521087     0.07017462807     0.07983779241
 10.250000     0.03094852853     0.07190199764     0.07951181804
 10.375000     0.03234482098     0.07357433687     0.07901311661
 10.500000     0.03377334054     0.07518601794     0.07834161213
 10.625000     0.03523325432     0.07673147594     0.07749812001
 10.750000     0.03672364425     0.07820523367     0.07648436231
 10.875000     0.03824350730     0.07960192653     0.07530297746
 11.000000     0.03979175601     0.08091632746     0.07395752421
 11.125000     0.04136721929     0.08214337187     0.07245247980
 11.250000     0.04296864342     0.08327818227     0.07079323210
 11.375000     0.04459469343     0.08431609258     0.06898606579
 11.500000     0.04624395464     0.08525267199     0.06703814250
 11.625000     0.04791493453     0.08608374818     0.06495747492
 11.750000     0.04960606486     0.08680542984     0.06275289498
 11.875000     0.05131570406     0.08741412828     0.06043401630
 12.000000     0.05304213980     0.08790657806     0.05801119093
 12.125000     0.05478359196     0.08827985661     0.05549546063
 12.250000     0.05653821566     0.08853140246     0.05289850305
 12.375000     0.05830410469     0.08865903230     0.05023257298
 12.500000     0.06007929504     0.08866095651     0.04751043897
 12.625000     0.06186176868     0.08853579319     0.04474531589
 12.750000     0.06364945762     0.08828258056     0.04195079355
 12.875000     0.06544024801     0.08790078765     0.03914076212
 13.000000     0.06723198458     0.08739032325     0.03632933451
 13.125000     0.06902247513     0.08675154296     0.03353076645
 13.250000     0.07080949520     0.08598525437     0.03075937464
 13.375000     0.07259079293     0.08509272031     0.02802945356
 13.500000     0.07436409396     0.08407566008     0.02535519146
 13.625000     0.07612710651     0.08293624872     0.02275058612
 13.750000     0.07787752646     0.08167711422     0.02022936087
 13.875000     0.07961304262     0.08030133272     0.01780488156
 14.000000     0.08133134195     0.07881242168     0.01549007493
 14.125000     0.08303011488     0.07721433109     0.01329734898
 14.250000     0.08470706061     0.07551143264     0.01123851592
 14.375000     0.08635989247     0.07370850699    0.009324718174
 14.500000     0.08798634320     0.07181072915    0.007566358033
 14.625000     0.08958417023     0.06982365204    0.005973031337
 14.750000     0.09115116094     0.06775318827    0.004553465780
 14.875000     0.09268513781     0.06560559022    0.003315464189
 15.000000     0.09418396348     0.06338742858    0.002265853209
 15.125000     0.09564554577     0.06110556935    0.001410437773
 15.250000     0.09706784254     0.05876714943   0.0007539616670
 15.375000     0.09844886641     0.05637955093   0.0003000744936
 15.500000     0.09978668937     0.05395037438   5.130526894E-05
 15.625000      0.1010794472     0.05148741075   9.042859611E-06
 15.750000      0.1023253438     0.04899861270   0.0001735234073
 15.875000      0.1035226550     0.04649206497   0.0005438248466
 16.000000      0.1046697330     0.04397595409    0.001117868571
 16.125000      0.1057650092     0.04145853768    0.001892428253
 16.250000      0.1068069984     0.03894811331    0.002863145778
 16.375000      0.1077943017     0.03645298717    0.004024554188
 16.500000      0.1087256093     0.03398144264    0.005370107519
 16.625000      0.1095997035     0.03154170900    0.006892217311
 16.750000      0.1104154611     0.02914193024    0.008582295587
 16.875000      0.1111718553     0.02679013435     0.01043080401
 17.000000      0.1118679581     0.02449420304     0.01242730890
 17.125000      0.1125029416     0.02226184210     0.01456054174
 17.250000      0.1130760797     0.02010055252     0.01681846484
 17.375000      0.1135867489     0.01801760258     0.01918834159
 17.500000      0.1140344291     0.01602000085     0.02165681104
 17.625000      0.1144187047     0.01411447041     0.02420996613
 17.750000      0.1147392641     0.01230742431     0.02683343519
 17.875000      0.1149959003     0.01060494235     0.02951246610
 18.000000      0.1151885103    0.009012749331     0.03223201268
 18.125000      0.1153170949    0.007536194855     0.03497682255
 18.250000      0.1153817575    0.006180234746     0.03773152613
 18.375000      0.1153827032    0.004949414144     0.04048072604
 18.500000      0.1153202377    0.003847852373     0.04320908644
 18.625000      0.1151947652    0.002879229611     0.04590142161
 18.750000      0.1150067875    0.002046775422     0.04854278342
 18.875000      0.1147569009    0.001353259170     0.05111854694
 19.000000      0.1144457948   0.0008009823502     0.05361449378
 19.125000      0.1140742490   0.0003917728534     0.05601689260
 19.250000      0.1136431308   0.0001269811674     0.05831257639
 19.375000      0.1131533926   7.478511057E-06     0.06048901589
 19.500000      0.1126060685   3.365689195E-05     0.06253438887
 19.625000      0.1120022713   0.0002054310650     0.06443764486
 19.750000      0.1113431894   0.0005222423610     0.06618856484
 19.875000      0.1106300827   0.0009830643482     0.06777781570
 20.000000      0.1098642798    0.001586410277     0.06919699907
 20.125000      0.1090471737    0.002330342259     0.07043869435
 20.250000      0.1081802182    0.003212482105     0.07149649564
 20.375000      0.1072649240    0.004230023776     0.07236504252
 20.500000      0.1063028549    0.005379747340     0.07304004439
 20.625000      0.1052956233    0.006658034386     0.07351829840
 20.750000      0.1042448868    0.008060884782     0.07379770094
 20.875000      0.1031523434    0.009583934698     0.07387725254
 21.000000      0.1020197278     0.01122247579     0.07375705642
 21.125000      0.1008488071     0.01297147547     0.07343831063
 21.250000     0.09964137664     0.01482559808     0.07292329388
 21.375000     0.09839925608     0.01677922703     0.07221534539
 21.500000     0.09712428498     0.01882648753     0.07131883878
 21.625000     0.09581831894     0.02096127013     0.07023915024
 21.750000     0.09448322554     0.02317725463     0.06898262141
 21.875000     0.09312088036     0.02546793453     0.06755651708
 22.000000     0.09173316313     0.02782664169     0.06596897807
 22.125000     0.09032195388     0.03024657128     0.06422896971
 22.250000     0.08888912926     0.03272080672     0.06234622623
 22.375000     0.08743655889     0.03524234468     0.06033119146
 22.500000     0.08596610184     0.03780411992     0.05819495622
 22.625000     0.08447960326     0.04039902990     0.05594919287
 22.750000     0.08297889104     0.04301995912     0.05360608740
 22.875000     0.08146577266     0.04565980296     0.05117826954
 23.000000     0.07994203218     0.04831149110     0.04867874126
 23.125000     0.07840942734     0.05096801030     0.04612080424
 23.250000     0.07686968677     0.05362242650     0.04351798658
 23.375000     0.07532450742     0.05626790624     0.04088396930
 23.500000     0.07377555205     0.05889773715     0.03823251304
 23.625000     0.07222444698     0.06150534767     0.03557738541
 23.750000     0.07067277985     0.06408432575     0.03293228926
 23.875000     0.06912209768     0.06662843660     0.03031079251
 24.000000     0.06757390498     0.06913163932     0.02772625964
 24.125000     0.06602966205     0.07158810257     0.02519178546
 24.250000     0.06449078346     0.07399221901     0.02272013128
 24.375000     0.06295863666     0.07633861858     0.02032366395
 24.500000     0.06143454072     0.07862218073     0.01801429801
 24.625000     0.05991976531     0.08083804528     0.01580344115
 24.750000     0.05841552967     0.08298162223     0.01370194337
 24.875000     0.05692300196     0.08504860025     0.01172004993
 25.000000     0.05544329849     0.08703495399    0.009867358265
 25.125000     0.05397748335     0.08893695020    0.008152779211
 25.250000     0.05252656794     0.09075115264    0.006584502382
 25.375000     0.05109151086     0.09247442575    0.005169966051
 25.500000     0.04967321773     0.09410393728    0.003915831474
 25.625000     0.04827254129     0.09563715959    0.002827961735
 25.750000     0.04689028154     0.09707187003    0.001911405139
 25.875000     0.04552718601     0.09840615012    0.001170383121
 26.000000     0.04418395016     0.09963838371   0.0006082826496
 26.125000     0.04286121788      0.1007672541   0.0002276530564
 26.250000     0.04155958209      0.1017917404   3.020720567E-05
 26.375000     0.04027958540      0.1027111125   1.682689187E-05
 26.500000     0.03902172098      0.1035249257   0.0001875723372
 26.625000     0.03778643332      0.1042330143   0.0005416956348
 26.750000     0.03657411928      0.1048354842    0.001077657967
 26.875000     0.03538512905      0.1053327054    0.001793150414
 27.000000     0.03421976729      0.1057253028    0.002685118142
 27.125000     0.03307829422      0.1060141477    0.003749787770
 27.250000     0.03196092691      0.1062003476    0.004982697663
 27.375000     0.03086784048      0.1062852361    0.006378730933
 27.500000     0.02979916945      0.1062703624    0.007932150895
 27.625000     0.02875500906      0.1061574799    0.009636638717
 27.750000     0.02773541666      0.1059485353     0.01148533301
 27.875000     0.02674041314      0.1056456565     0.01347087110
 28.000000     0.02576998434      0.1052511412     0.01558543172
 28.125000     0.02482408252      0.1047674444     0.01782077881
 28.250000     0.02390262786      0.1041971666     0.02016830631
 28.375000     0.02300550987      0.1035430415     0.02261908342
 28.500000     0.02213258897      0.1028079238     0.02516390044
 28.625000     0.02128369789      0.1019947770     0.02779331453
 28.750000     0.02045864323      0.1011066613     0.03049769553
 28.875000     0.01965720688      0.1001467217     0.03326727135
 29.000000     0.01887914756     0.09911817604     0.03609217279
 29.125000     0.01812420219     0.09802430363     0.03896247766
 29.250000     0.01739208740     0.09686843359     0.04186825379
 29.375000     0.01668250093     0.09565393387     0.04479960105
 29.500000     0.01599512301     0.09438420044     0.04774669186
 29.625000     0.01532961776     0.09306264677     0.05069981032
 29.750000     0.01468563450     0.09169269370     0.05364938960
 29.875000     0.01406280910     0.09027775969     0.05658604767
 30.000000     0.01346076523     0.08882125141     0.05950062095
 30.125000     0.01287911563     0.08732655485     0.06238419614
 30.250000     0.01231746331     0.08579702672     0.06522813980
 30.375000     0.01177540274     0.08423598643     0.06802412589
 30.500000     0.01125252096     0.08264670842     0.07076416094
 30.625000     0.01074839870     0.08103241500     0.07344060706
 30.750000     0.01026261144     0.07939626964     0.07604620258
 30.875000    0.009794730392     0.07774137076     0.07857408036
 31.000000    0.009344323518     0.07607074591     0.08101778378
 31.125000    0.008910956434     0.07438734656     0.08337128037
 31.250000    0.008494193308     0.07269404322     0.08562897316
 31.375000    0.008093597707     0.07099362108     0.08778570978
 31.500000    0.007708733400     0.06928877618     0.08983678917
 31.625000    0.007339165123     0.06758211190     0.09177796633
 31.750000    0.006984459298     0.06587613600     0.09360545473
 31.875000    0.006644184712     0.06417325806     0.09531592677
 32.000000    0.006317913152     0.06247578730     0.09690651226
 32.125000    0.006005220005     0.06078593091     0.09837479494
 32.250000    0.005705684815     0.05910579267     0.09971880725
 32.375000    0.005418891796     0.05743737201      0.1009370234
 32.500000    0.005144430316     0.05578256344      0.1020283507
 32.625000    0.004881895334     0.05414315632      0.1029921195
 32.750000    0.004630887811     0.05252083493      0.1038280720
 32.875000    0.004391015073     0.05091717895      0.1045363489
 33.000000    0.004161891150     0.04933366409      0.1051174760
 33.125000    0.003943137076     0.04777166321      0.1055723491
 33.250000    0.003734381158     0.04623244748      0.1059022176
 33.375000    0.003535259214     0.04471718795      0.1061086683
 33.500000    0.003345414783     0.04322695730      0.1061936078
 33.625000    0.003164499304     0.04176273177      0.1061592440
 33.750000    0.002992172265     0.04032539332      0.1060080678
 33.875000    0.002828101333     0.03891573193      0.1057428340
 34.000000    0.002671962453     0.03753444815      0.1053665420
 34.125000    0.002523439924     0.03618215562      0.1048824165
 34.250000    0.002382226456     0.03485938392      0.1042938875
 34.375000    0.002248023202     0.03356658134      0.1036045711
 34.500000    0.002120539769     0.03230411788      0.1028182495
 34.625000    0.001999494218     0.03107228828      0.1019388525
 34.750000    0.001884613033     0.02987131507      0.1009704376
 34.875000    0.001775631086     0.02870135172     0.09991717140
 35.000000    0.001672291583     0.02756248584     0.09878331167
 35.125000    0.001574345988     0.02645474235     0.09757318892
 35.250000    0.001481553945     0.02537808668     0.09629118921
 35.375000    0.001393683180     0.02433242799     0.09494173724
 35.500000    0.001310509398     0.02331762236     0.09352928015
 35.625000    0.001231816161     0.02233347596     0.09205827185
 35.750000    0.001157394768     0.02137974817     0.09053315819
 35.875000    0.001087044116     0.02045615471     0.08895836271
 36.000000    0.001020570562     0.01956237067     0.08733827322
 36.125000   0.0009577877708     0.01869803349     0.08567722913
 36.250000   0.0008985165642     0.01786274595     0.08397950953
 36.375000   0.0008425847605     0.01705607895     0.08224932208
 36.500000   0.0007898270115     0.01627757436     0.08049079274
 36.625000   0.0007400846347     0.01552674770     0.07870795621
 36.750000   0.0006932054442     0.01480309081     0.07690474731
 36.875000   0.0006490435779     0.01410607430     0.07508499301
 37.000000   0.0006074593236     0.01343515010     0.07325240534
 37.125000   0.0005683189439     0.01278975376     0.07141057507
 37.250000   0.0005314945001     0.01216930670     0.06956296616
 37.375000   0.0004968636766     0.01157321843     0.06771291090
 37.500000   0.0004643096046     0.01100088855     0.06586360583
 37.625000   0.0004337206876     0.01045170879     0.06401810839
 37.750000   0.0004049904271    0.009925064825     0.06217933415
 37.875000   0.0003780172501    0.009420338061     0.06035005482
 38.000000   0.0003527043385    0.008936907326     0.05853289679
 38.125000   0.0003289594604    0.008474150432     0.05673034034
 38.250000   0.0003066948036    0.008031445662     0.05494471933
 38.375000   0.0002858268122    0.007608173151     0.05317822156
 38.500000   0.0002662760252    0.007203716186     0.05143288948
 38.625000   0.0002479669191    0.006817462403     0.04971062152
 38.750000   0.0002308277525    0.006448804903     0.04801317379
 38.875000   0.0002147904153    0.006097143276     0.04634216215
 39.000000   0.0001997902805    0.005761884546     0.04469906477
 39.125000   0.0001857660598    0.005442444027     0.04308522493
 39.250000   0.0001726596627    0.005138246108     0.04150185421
 39.375000   0.0001604160598    0.004848724957     0.03995003590
 39.500000   0.0001489831495    0.004573325151     0.03843072873
 39.625000   0.0001383116288    0.004311502238     0.03694477074
 39.750000   0.0001283548676    0.004062723233     0.03549288345
 39.875000   0.0001190687872    0.003826467043     0.03407567608
 40.000000   0.0001104117427    0.003602224841     0.03269365000
 40.125000   0.0001023444091    0.003389500371     0.03134720326
 40.250000   9.482967173E-05    0.003187810206     0.03003663520
 40.375000   8.783251953E-05    0.002996683951     0.02876215111
 40.500000   8.131994332E-05    0.002815664394     0.02752386700
 40.625000   7.526083703E-05    0.002644307620     0.02632181429
 40.750000   6.962590299E-05    0.002482183070     0.02515594462
 40.875000   6.438756072E-05    0.002328873567     0.02402613451
 41.000000   5.951985939E-05    0.002183975306     0.02293219012
 41.125000   5.499839379E-05    0.002047097804     0.02187385184
 41.250000   5.080022369E-05    0.001917863819     0.02085079889
 41.375000   4.690379663E-05    0.001795909244     0.01986265383
 41.500000   4.328887400E-05    0.001680882972     0.01890898695
 41.625000   3.993646026E-05    0.001572446730     0.01798932058
 41.750000   3.682873534E-05    0.001470274902     0.01710313327
 41.875000   3.394899007E-05    0.001374054322     0.01624986390
 42.000000   3.128156452E-05    0.001283484055     0.01542891559
 42.125000   2.881178923E-05    0.001198275160     0.01463965950
 42.250000   2.652592915E-05    0.001118150441     0.01388143856
 42.375000   2.441113033E-05    0.001042844182     0.01315357091
 42.500000   2.245536913E-05   0.0009721018721     0.01245535334
 42.625000   2.064740392E-05   0.0009056799292     0.01178606448
 42.750000   1.897672923E-05   0.0008433454054     0.01114496792
 42.875000   1.743353218E-05   0.0007848756945     0.01053131504
 43.000000   1.600865113E-05   0.0007300582318    0.009944347880
 43.125000   1.469353646E-05   0.0006786901915    0.009383301664
 43.250000   1.348021345E-05   0.0006305781820    0.008847407308
 43.375000   1.236124705E-05   0.0005855379407    0.008335893709
 43.500000   1.132970861E-05   0.0005433940278    0.007847989904
 43.625000   1.037914437E-05   0.0005039795221    0.007382927085
 43.750000   9.503545709E-06   0.0004671357188    0.006939940462
 43.875000   8.697320979E-06   0.0004327118285    0.006518270993
 44.000000   7.955269000E-06   0.0004005646817    0.006117166980
 44.125000   7.272553999E-06   0.0003705584351    0.005735885519
 44.250000   6.644681997E-06   0.0003425642842    0.005373693843
 44.375000   6.067478564E-06   0.0003164601797    0.005029870523
 44.500000   5.537067868E-06   0.0002921305503    0.004703706559
 44.625000   5.049852957E-06   0.0002694660308    0.004394506360
 44.750000   4.602497218E-06   0.0002483631968    0.004101588613
 44.875000   4.191906945E-06   0.0002287243059    0.003824287041
 45.000000   3.815214970E-06   0.0002104570453    0.003561951077
 45.125000   3.469765286E-06   0.0001934742873    0.003313946434
 45.250000   3.153098630E-06   0.0001776938506    0.003079655591
 45.375000   2.862938955E-06   0.0001630382705    0.002858478199
 45.500000   2.597180762E-06   0.0001494345751    0.002649831404
 45.625000   2.353877225E-06   0.0001368140700    0.002453150100
 45.750000   2.131229081E-06   0.0001251121295    0.002267887121
 45.875000   1.927574243E-06   0.0001142679963    0.002093513359
 46.000000   1.741378079E-06   0.0001042245881    0.001929517834
 46.125000   1.571224336E-06   9.492831184E-05    0.001775407711
 46.250000   1.415806665E-06   8.632888502E-05    0.001630708261
 46.375000   1.273920714E-06   7.837916504E-05    0.001494962791
 46.500000   1.144456752E-06   7.103498514E-05    0.001367732525
 46.625000   1.026392798E-06   6.425499781E-05    0.001248596455
 46.750000   9.187882243E-07   5.800052516E-05    0.001137151163
 46.875000   8.207778023E-07   5.223541629E-05    0.001033010614
 47.000000   7.315661677E-07   4.692591138E-05   0.0009358059261
 47.125000   6.504226792E-07   4.204051254E-05   0.0008451851291
 47.250000   5.766766473E-07   3.754986120E-05   0.0007608128993
 47.375000   5.097129097E-07   3.342662187E-05   0.0006823702897
 47.500000   4.489677347E-07   2.964537233E-05   0.0006095544503
 47.625000   3.939250307E-07   2.618249981E-05   0.0005420783447
 47.750000   3.441128455E-07   2.301610337E-05   0.0004796704668
 47.875000   2.991001366E-07   2.012590214E-05   0.0004220745590
 48.000000   2.584937992E-07   1.749314934E-05   0.0003690493371
 48.125000   2.219359339E-07   1.510055205E-05   0.0003203682240
 48.250000   1.891013437E-07   1.293219661E-05   0.0002758190951
 48.375000   1.596952463E-07   1.097347949E-05   0.0002352040401
 48.500000   1.334511906E-07   9.211043684E-06   0.0001983391420
 48.625000   1.101291678E-07   7.632720435E-06   0.0001650542790
 48.750000   8.951390773E-08   6.227476408E-06   0.0001351929502
 48.875000   7.141335155E-08   4.985366157E-06   0.0001086121308
 49.000000   5.565729586E-08   3.897489968E-06   8.518215770E-05
 49.125000   4.209620051E-08   2.955957073E-06   6.478665164E-05
 49.250000   3.060015632E-08   2.153854300E-06   4.732247742E-05
 49.375000   2.105800903E-08   1.485220233E-06   3.269974772E-05
 49.500000   1.337663698E-08   9.450250050E-07   2.084187396E-05
 49.625000   7.480381504E-09   5.291558630E-07   1.168566897E-05
 49.750000   3.310629982E-09   2.344087014E-07   5.181506301E-06
 49.875000   8.255532252E-10   5.848579329E-08   1.293541328E-06
