omega:    1.00000
   rho:            u1:                u2:                 u3:
0.012500000   2.401676702E-05   5.035276682E-05   7.502478332E-05
0.025000000   9.721038049E-05   0.0002036861854   0.0003033046979
0.037500000   0.0002212283266   0.0004630814842   0.0006888679184
0.050000000   0.0003976238076   0.0008311610184    0.001234667632
0.062500000   0.0006278505467    0.001310068878    0.001942544961
0.075000000   0.0009132578358    0.001901453740    0.002813199817
0.087500000    0.001255085843    0.002606454073    0.003846169975
0.10000000    0.001654461196    0.003425685786    0.005039818602
0.11250000    0.002112392853    0.004359232404    0.006391330380
0.12500000    0.002629768280    0.005406637848    0.007896716348
0.13750000    0.003207349950    0.006566901860    0.009550827475
0.15000000    0.003845772163    0.007838478125     0.01134737693
0.16250000    0.004545538213    0.009219275119     0.01327897098
0.17500000    0.005307017907     0.01070665969     0.01533714824
0.18750000    0.006130445437     0.01229746337     0.01751242724
0.20000000    0.007015917625     0.01398799141     0.01979436181
0.21250000    0.007963392543     0.01577403449     0.02217160397
0.22500000    0.008972688504     0.01765088307     0.02463197407
0.23750000     0.01004348344     0.01961334437     0.02716253744
0.25000000     0.01117531468     0.02165576175     0.02974968728
0.26250000     0.01236757906     0.02377203665     0.03237923299
0.27500000     0.01361953353     0.02595565273     0.03503649350
0.28750000     0.01493029599     0.02819970230     0.03770639483
0.30000000     0.01629884668     0.03049691477     0.04037357124
0.31250000     0.01772402980     0.03283968711     0.04302246922
0.32500000     0.01920455561     0.03522011608     0.04563745359
0.33750000     0.02073900283     0.03763003208     0.04820291490
0.35000000     0.02232582146     0.04006103456     0.05070337742
0.36250000     0.02396333588     0.04250452863     0.05312360689
0.37500000     0.02564974836     0.04495176290     0.05544871726
0.38750000     0.02738314289     0.04739386818     0.05766427560
0.40000000     0.02916148926     0.04982189700     0.05975640448
0.41250000     0.03098264755     0.05222686364     0.06171188102
0.42500000     0.03284437284     0.05459978452     0.06351823188
0.43750000     0.03474432024     0.05693171879     0.06516382355
0.45000000     0.03668005013     0.05921380878     0.06663794713
0.46250000     0.03864903372     0.06143732037     0.06793089716
0.47500000     0.04064865877     0.06359368271     0.06903404383
0.48750000     0.04267623557     0.06567452751     0.06993989790
0.50000000     0.04472900306     0.06767172732     0.07064216816
0.51250000     0.04680413521     0.06957743294     0.07113581068
0.52500000     0.04889874744     0.07138410950     0.07141706964
0.53750000     0.05100990328     0.07308457125     0.07148350949
0.55000000     0.05313462110     0.07467201476     0.07133403801
0.56250000     0.05526988088     0.07614005042     0.07096892030
0.57500000     0.05741263119     0.07748273210     0.07038978337
0.58750000     0.05955979607     0.07869458477     0.06959961155
0.60000000     0.06170828205     0.07977063003     0.06860273249
0.61250000     0.06385498515     0.08070640935     0.06740479396
0.62500000     0.06599679785     0.08149800499     0.06601273169
0.63750000     0.06813061605     0.08214205842     0.06443472823
0.65000000     0.07025334599     0.08263578624     0.06268016346
0.66250000     0.07236191112     0.08297699351     0.06075955670
0.67500000     0.07445325878     0.08316408432     0.05868450121
0.68750000     0.07652436693     0.08319606980     0.05646759129
0.70000000     0.07857225064     0.08307257325     0.05412234250
0.71250000     0.08059396848     0.08279383264     0.05166310578
0.72500000     0.08258662874     0.08236070029     0.04910497579
0.73750000     0.08454739549     0.08177463983     0.04646369430
0.75000000     0.08647349444     0.08103772047     0.04375554922
0.76250000     0.08836221859     0.08015260856     0.04099727006
0.77500000     0.09021093368     0.07912255655     0.03820592038
0.78750000     0.09201708337     0.07795138944     0.03539878823
0.80000000     0.09377819422     0.07664348864     0.03259327502
0.81250000     0.09549188039     0.07520377359     0.02980678393
0.82500000     0.09715584808     0.07363768097     0.02705660831
0.83750000     0.09876789968     0.07195114177     0.02435982104
0.85000000      0.1003259377     0.07015055635     0.02173316552
0.86250000      0.1018279682     0.06824276751     0.01919294905
0.87500000      0.1032721043     0.06623503177     0.01675493924
0.88750000      0.1046565691     0.06413498906     0.01443426432
0.90000000      0.1059796982     0.06195063086     0.01224531774
0.91250000      0.1072399423     0.05969026702     0.01020166796
0.92500000      0.1084358691     0.05736249141    0.008315973829
0.93750000      0.1095661651     0.05497614655    0.006599906158
0.95000000      0.1106296372     0.05254028741    0.005064076011
0.96250000      0.1116252133     0.05006414455    0.003717970095
0.97500000      0.1125519438     0.04755708674    0.002569893697
0.98750000      0.1134090016     0.04502858325    0.001626921480
 1.0000000      0.1141956824     0.04248816607   0.0008948564348
 1.0125000      0.1149114049     0.03994539201   0.0003781971964
 1.0250000      0.1155557097     0.03740980516   8.011390506E-05
 1.0375000      0.1161282596     0.03489089957   2.432707763E-06
 1.0500000      0.1166288377     0.03239808252   0.0001456289492
 1.0625000      0.1170573465     0.02994063844   0.0005088290368
 1.0750000      0.1174138067     0.02752769371    0.001089820908
 1.0875000      0.1176983550     0.02516818235    0.001885072965
 1.1000000      0.1179112421     0.02287081292    0.002889761298
 1.1125000      0.1180528308     0.02064403662    0.004097804942
 1.1250000      0.1181235932     0.01849601678    0.005501908889
 1.1375000      0.1181241081     0.01643459981    0.007093614499
 1.1500000      0.1180550580     0.01446728784    0.008863356933
 1.1625000      0.1179172262     0.01260121293     0.01080052916
 1.1750000      0.1177114934     0.01084311320     0.01289355209
 1.1875000      0.1174388344    0.009199310719     0.01512995030
 1.2000000      0.1171003142    0.007675691409     0.01749643281
 1.2125000      0.1166970846    0.006277686912     0.01997897838
 1.2250000      0.1162303801    0.005010258506     0.02256292472
 1.2375000      0.1157015141    0.003877883114     0.02523306094
 1.2500000      0.1151118747    0.002884541426     0.02797372276
 1.2625000      0.1144629207    0.002033708153     0.03076888966
 1.2750000      0.1137561770    0.001328344420     0.03360228350
 1.2875000      0.1129932308   0.0007708923074     0.03645746784
 1.3000000      0.1121757268   0.0003632715103     0.03931794743
 1.3125000      0.1113053631   0.0001068781124     0.04216726716
 1.3250000      0.1103838866   2.585433405E-06     0.04498910986
 1.3375000      0.1094130887   5.074691598E-05     0.04776739239
 1.3500000      0.1083948009   0.0002512010018     0.05048635940
 1.3625000      0.1073308903   0.0006032779425     0.05313067421
 1.3750000      0.1062232553    0.001105808482     0.05568550626
 1.3875000      0.1050738211    0.001757134336     0.05813661471
 1.4000000      0.1038845357    0.002555120403     0.06047042754
 1.4125000      0.1026573652    0.003497168600     0.06267411592
 1.4250000      0.1013942900    0.004580233264     0.06473566331
 1.4375000      0.1000973008    0.005800838002     0.06664392900
 1.4500000     0.09876839397    0.007155093895     0.06838870572
 1.4625000     0.09740956831    0.008638718963     0.06996077111
 1.4750000     0.09602282078     0.01024705878     0.07135193275
 1.4875000     0.09461014296     0.01197510812     0.07255506667
 1.5000000     0.09317351739     0.01381753353     0.07356414901
 1.5125000     0.09171491411     0.01576869677     0.07437428095
 1.5250000     0.09023628727     0.01782267884     0.07498170674
 1.5375000     0.08873957193     0.01997330475     0.07538382480
 1.5500000     0.08722668093     0.02221416861     0.07557919202
 1.5625000     0.08569950196     0.02453865923     0.07556752128
 1.5750000     0.08415989474     0.02693998585     0.07534967225
 1.5875000     0.08260968837     0.02941120408     0.07492763581
 1.6000000     0.08105067876     0.03194524184     0.07430451209
 1.6125000     0.07948462631     0.03453492527     0.07348448249
 1.6250000     0.07791325368     0.03717300438     0.07247277585
 1.6375000     0.07633824373     0.03985217853     0.07127562919
 1.6500000     0.07476123757     0.04256512144     0.06990024324
 1.6625000     0.07318383287     0.04530450585     0.06835473310
 1.6750000     0.07160758217     0.04806302750     0.06664807455
 1.6875000     0.07003399151     0.05083342858     0.06479004621
 1.7000000     0.06846451906     0.05360852047     0.06279116809
 1.7125000     0.06690057397     0.05638120562     0.06066263689
 1.7250000     0.06534351540     0.05914449868     0.05841625859
 1.7375000     0.06379465163     0.06189154663     0.05606437858
 1.7500000     0.06225523930     0.06461564808     0.05361980995
 1.7625000     0.06072648288     0.06731027141     0.05109576035
 1.7750000     0.05920953417     0.06996907194     0.04850575782
 1.7875000     0.05770549202     0.07258590801     0.04586357603
 1.8000000     0.05621540209     0.07515485590     0.04318315948
 1.8125000     0.05474025680     0.07767022362     0.04047854896
 1.8250000     0.05328099538     0.08012656352     0.03776380774
 1.8375000     0.05183850404     0.08251868368     0.03505294888
 1.8500000     0.05041361619     0.08484165820     0.03235986413
 1.8625000     0.04900711287     0.08709083618     0.02969825458
 1.8750000     0.04761972321     0.08926184953     0.02708156373
 1.8875000     0.04625212498     0.09135061964     0.02452291293
 1.9000000     0.04490494525     0.09335336279     0.02203503985
 1.9125000     0.04357876117     0.09526659442     0.01963024000
 1.9250000     0.04227410075     0.09708713227     0.01732031172
 1.9375000     0.04099144376     0.09881209838     0.01511650474
 1.9500000     0.03973122273      0.1004389200     0.01302947261
 1.9625000     0.03849382396      0.1019653292     0.01106922916
 1.9750000     0.03727958858      0.1033893623    0.009245109080
 1.9875000     0.03608881373      0.1047093568    0.007565732769
 2.0000000     0.03492175375      0.1059239489    0.006038975590
 2.0125000     0.03377862139      0.1070320692    0.004671941515
 2.0250000     0.03265958907      0.1080329377    0.003470941256
 2.0375000     0.03156479025      0.1089260584    0.002441474861
 2.0500000     0.03049432069      0.1097112123    0.001588218767
 2.0625000     0.02944823985      0.1103884505   0.0009150172778
 2.0750000     0.02842657227      0.1109580863   0.0004248783860
 2.0875000     0.02742930894      0.1114206864   0.0001199738612
 2.1000000     0.02645640875      0.1117770624   1.643493046E-06
 2.1125000     0.02550779986      0.1120282606   7.040335764E-05
 2.1250000     0.02458338112      0.1121755524   0.0003259579599
 2.1375000     0.02368302355      0.1122204236   0.0007672160854
 2.1500000     0.02280657166      0.1121645637    0.001392310180
 2.1625000     0.02195384494      0.1120098551    0.002198619058
 2.1750000     0.02112463923      0.1117583613    0.003182793740
 2.1875000     0.02031872808      0.1114123158    0.004340786183
 2.2000000     0.01953586415      0.1109741099    0.005667880692
 2.2125000     0.01877578056      0.1104462818    0.007158727763
 2.2250000     0.01803819221      0.1098315040    0.008807380124
 2.2375000     0.01732279710      0.1091325717     0.01060733071
 2.2500000     0.01662927758      0.1083523912     0.01255155237
 2.2625000     0.01595730165      0.1074939681     0.01463253894
 2.2750000     0.01530652416      0.1065603958     0.01684234761
 2.2875000     0.01467658800      0.1055548436     0.01917264217
 2.3000000     0.01406712529      0.1044805462     0.02161473694
 2.3125000     0.01347775847      0.1033407920     0.02415964122
 2.3250000     0.01290810144      0.1021389128     0.02679810390
 2.3375000     0.01235776059      0.1008782731     0.02952065808
 2.3500000     0.01182633582     0.09956225980     0.03231766545
 2.3625000     0.01131342156     0.09819427252     0.03517936023
 2.3750000     0.01081860769     0.09677771403     0.03809589248
 2.3875000     0.01034148045     0.09531598109     0.04105737051
 2.4000000    0.009881623337     0.09381245569     0.04405390232
 2.4125000    0.009438617924     0.09227049669     0.04707563583
 2.4250000    0.009012044656     0.09069343185     0.05011279775
 2.4375000    0.008601483612     0.08908455033     0.05315573095
 2.4500000    0.008206515227     0.08744709558     0.05619493023
 2.4625000    0.007826720969     0.08578425867     0.05922107632
 2.4750000    0.007461683989     0.08409917205     0.06222506802
 2.4875000    0.007110989724     0.08239490377     0.06519805244
 2.5000000    0.006774226471     0.08067445216     0.06813145316
 2.5125000    0.006450985923     0.07894074091     0.07101699638
 2.5250000    0.006140863663     0.07719661457     0.07384673486
 2.5375000    0.005843459634     0.07544483459     0.07661306972
 2.5500000    0.005558378570     0.07368807561     0.07930877006
 2.5625000    0.005285230389     0.07192892238     0.08192699036
 2.5750000    0.005023630565     0.07016986690     0.08446128562
 2.5875000    0.004773200458     0.06841330608     0.08690562434
 2.6000000    0.004533567621     0.06666153973     0.08925439934
 2.6125000    0.004304366072     0.06491676897     0.09150243635
 2.6250000    0.004085236543     0.06318109496     0.09364500056
 2.6375000    0.003875826698     0.06145651806     0.09567780110
 2.6500000    0.003675791325     0.05974493719     0.09759699344
 2.6625000    0.003484792505     0.05804814968     0.09939917998
 2.6750000    0.003302499753     0.05636785131      0.1010814087
 2.6875000    0.003128590143     0.05470563668      0.1026411698
 2.7000000    0.002962748398     0.05306299986      0.1040763914
 2.7125000    0.002804666975     0.05144133531      0.1053854325
 2.7250000    0.002654046118     0.04984193902      0.1065670754
 2.7375000    0.002510593895     0.04826600990      0.1076205160
 2.7500000    0.002374026221     0.04671465138      0.1085453535
 2.7625000    0.002244066861     0.04518887320      0.1093415780
 2.7750000    0.002120447415     0.04368959337      0.1100095580
 2.7875000    0.002002907294     0.04221764031      0.1105500258
 2.8000000    0.001891193674     0.04077375516      0.1109640627
 2.8125000    0.001785061448     0.03935859417      0.1112530834
 2.8250000    0.001684273152     0.03797273127      0.1114188196
 2.8375000    0.001588598895     0.03661666068      0.1114633025
 2.8500000    0.001497816265     0.03529079964      0.1113888455
 2.8625000    0.001411710236     0.03399549128      0.1111980264
 2.8750000    0.001330073058     0.03273100740      0.1108936689
 2.8875000    0.001252704147     0.03149755146      0.1104788241
 2.9000000    0.001179409964     0.03029526154      0.1099567522
 2.9125000    0.001110003884     0.02912421327      0.1093309036
 2.9250000    0.001044306067     0.02798442288      0.1086049003
 2.9375000   0.0009821433184     0.02687585019      0.1077825177
 2.9500000   0.0009233489479     0.02579840163      0.1068676663
 2.9625000   0.0008677626227     0.02475193319      0.1058643735
 2.9750000   0.0008152302191     0.02373625342      0.1047767659
 2.9875000   0.0007656036706     0.02275112632      0.1036090525
 3.0000000   0.0007187408145     0.02179627427      0.1023655076
 3.0125000   0.0006745052366     0.02087138087      0.1010504542
 3.0250000   0.0006327661148     0.01997609372     0.09966824876
 3.0375000   0.0005933980623     0.01911002716     0.09822326569
 3.0500000   0.0005562809701     0.01827276493     0.09671988282
 3.0625000   0.0005212998501     0.01746386281     0.09516246748
 3.0750000   0.0004883446782     0.01668285112     0.09355536329
 3.0875000   0.0004573102388     0.01592923716     0.09190287755
 3.1000000   0.0004280959695     0.01520250765     0.09020926944
 3.1125000   0.0004006058084     0.01450213095     0.08847873889
 3.1250000   0.0003747480419     0.01382755930     0.08671541620
 3.1375000   0.0003504351551     0.01317823095     0.08492335244
 3.1500000   0.0003275836840     0.01255357218     0.08310651051
 3.1625000   0.0003061140705     0.01195299925     0.08126875705
 3.1750000   0.0002859505186     0.01137592029     0.07941385500
 3.1875000   0.0002670208550     0.01082173698     0.07754545695
 3.2000000   0.0002492563911     0.01028984634     0.07566709915
 3.2125000   0.0002325917885    0.009779642220     0.07378219631
 3.2250000   0.0002169649271    0.009290516875     0.07189403699
 3.2375000   0.0002023167767    0.008821862330     0.07000577973
 3.2500000   0.0001885912719    0.008373071725     0.06812044982
 3.2625000   0.0001757351892    0.007943540557     0.06624093670
 3.2750000   0.0001636980286    0.007532667832     0.06436999193
 3.2875000   0.0001524318979    0.007139857147     0.06251022780
 3.3000000   0.0001418914000    0.006764517683     0.06066411645
 3.3125000   0.0001320335244    0.006406065127     0.05883398952
 3.3250000   0.0001228175415    0.006063922515     0.05702203834
 3.3375000   0.0001142048999    0.005737521004     0.05523031457
 3.3500000   0.0001061591280    0.005426300571     0.05346073124
 3.3625000   9.864573775E-05    0.005129710649     0.05171506429
 3.3750000   9.163213284E-05    0.004847210690     0.04999495440
 3.3875000   8.508751916E-05    0.004578270673     0.04830190927
 3.4000000   7.898281901E-05    0.004322371550     0.04663730615
 3.4125000   7.329058827E-05    0.004079005627     0.04500239472
 3.4250000   6.798493671E-05    0.003847676904     0.04339830021
 3.4375000   6.304145138E-05    0.003627901350     0.04182602674
 3.4500000   5.843712296E-05    0.003419207137     0.04028646098
 3.4625000   5.415027499E-05    0.003221134824     0.03878037586
 3.4750000   5.016049609E-05    0.003033237497     0.03730843451
 3.4875000   4.644857486E-05    0.002855080872     0.03587119439
 3.5000000   4.299643753E-05    0.002686243349     0.03446911145
 3.5125000   3.978708835E-05    0.002526316044     0.03310254438
 3.5250000   3.680455241E-05    0.002374902773     0.03177175902
 3.5375000   3.403382114E-05    0.002231620017     0.03047693275
 3.5500000   3.146080011E-05    0.002096096847     0.02921815890
 3.5625000   2.907225926E-05    0.001967974830     0.02799545121
 3.5750000   2.685578538E-05    0.001846907911     0.02680874828
 3.5875000   2.479973689E-05    0.001732562261     0.02565791797
 3.6000000   2.289320058E-05    0.001624616122     0.02454276181
 3.6125000   2.112595061E-05    0.001522759617     0.02346301927
 3.6250000   1.948840936E-05    0.001426694557     0.02241837211
 3.6375000   1.797161029E-05    0.001336134223     0.02140844848
 3.6500000   1.656716253E-05    0.001250803138     0.02043282712
 3.6625000   1.526721737E-05    0.001170436833     0.01949104126
 3.6750000   1.406443639E-05    0.001094781593     0.01858258263
 3.6875000   1.295196122E-05    0.001023594206     0.01770690518
 3.7000000   1.192338488E-05   0.0009566416925     0.01686342876
 3.7125000   1.097272464E-05   0.0008937010390     0.01605154273
 3.7250000   1.009439631E-05   0.0008345589230     0.01527060928
 3.7375000   9.283189876E-06   0.0007790114347     0.01451996681
 3.7500000   8.534246520E-06   0.0007268637962     0.01379893304
 3.7625000   7.843036838E-06   0.0006779300802     0.01310680800
 3.7750000   7.205340291E-06   0.0006320329270     0.01244287695
 3.7875000   6.617225788E-06   0.0005890032630     0.01180641308
 3.8000000   6.075033374E-06   0.0005486800196     0.01119668012
 3.8125000   5.575356944E-06   0.0005109098543     0.01061293477
 3.8250000   5.115027961E-06   0.0004755468740     0.01005442902
 3.8375000   4.691100106E-06   0.0004424523620    0.009520412335
 3.8500000   4.300834827E-06   0.0004114945079    0.009010133654
 3.8625000   3.941687743E-06   0.0003825481419    0.008522843323
 3.8750000   3.611295844E-06   0.0003554944745    0.008057794846
 3.8875000   3.307465469E-06   0.0003302208395    0.007614246528
 3.9000000   3.028160998E-06   0.0003066204436    0.007191462986
 3.9125000   2.771494246E-06   0.0002845921213    0.006788716539
 3.9250000   2.535714491E-06   0.0002640400951    0.006405288484
 3.9375000   2.319199130E-06   0.0002448737425    0.006040470246
 3.9500000   2.120444916E-06   0.0002270073683    0.005693564432
 3.9625000   1.938059736E-06   0.0002103599843    0.005363885769
 3.9750000   1.770754923E-06   0.0001948550946    0.005050761939
 3.9875000   1.617338044E-06   0.0001804204876    0.004753534330
 4.0000000   1.476706159E-06   0.0001669880351    0.004471558675
 4.0125000   1.347839517E-06   0.0001544934972    0.004204205619
 4.0250000   1.229795655E-06   0.0001428763345    0.003950861194
 4.0375000   1.121703888E-06   0.0001320795264    0.003710927215
 4.0500000   1.022760168E-06   0.0001220493965    0.003483821605
 4.0625000   9.322222740E-07   0.0001127354437    0.003268978647
 4.0750000   8.494053334E-07   0.0001040901803    0.003065849169
 4.0875000   7.736776398E-07   9.606897660E-05    0.002873900672
 4.1000000   7.044567569E-07   8.862991094E-05    0.002692617394
 4.1125000   6.412058873E-07   8.173362670E-05    0.002521500326
 4.1250000   5.834304915E-07   7.534319481E-05    0.002360067180
 4.1375000   5.306751403E-07   6.942398224E-05    0.002207852301
 4.1500000   4.825205865E-07   6.394352628E-05    0.002064406552
 4.1625000   4.385810416E-07   5.887141437E-05    0.001929297150
 4.1750000   3.985016442E-07   5.417916934E-05    0.001802107472
 4.1875000   3.619561088E-07   4.984013999E-05    0.001682436828
 4.2000000   3.286445406E-07   4.582939674E-05    0.001569900211
 4.2125000   2.982914093E-07   4.212363231E-05    0.001464128009
 4.2250000   2.706436671E-07   3.870106720E-05    0.001364765712
 4.2375000   2.454690048E-07   3.554135972E-05    0.001271473588
 4.2500000   2.225542343E-07   3.262552069E-05    0.001183926344
 4.2625000   2.017037910E-07   2.993583226E-05    0.001101812778
 4.2750000   1.827383456E-07   2.745577109E-05    0.001024835408
 4.2875000   1.654935198E-07   2.516993534E-05   0.0009527101070
 4.3000000   1.498186980E-07   2.306397568E-05   0.0008851657145
 4.3125000   1.355759275E-07   2.112452987E-05   0.0008219436520
 4.3250000   1.226389031E-07   1.933916096E-05   0.0007627975302
 4.3375000   1.108920273E-07   1.769629878E-05   0.0007074927550
 4.3500000   1.002295432E-07   1.618518480E-05   0.0006558061320
 4.3625000   9.055473407E-08   1.479581996E-05   0.0006075254713
 4.3750000   8.177918390E-08   1.351891556E-05   0.0005624491939
 4.3875000   7.382209606E-08   1.234584687E-05   0.0005203859413
 4.4000000   6.660966475E-08   1.126860953E-05   0.0004811541882
 4.4125000   6.007449572E-08   1.027977844E-05   0.0004445818602
 4.4250000   5.415507275E-08   9.372469100E-06   0.0004105059577
 4.4375000   4.879526628E-08   8.540301255E-06   0.0003787721848
 4.4500000   4.394388117E-08   7.777364777E-06   0.0003492345869
 4.4625000   3.955424063E-08   7.078187582E-06   0.0003217551942
 4.4750000   3.558380363E-08   6.437705550E-06   0.0002962036746
 4.4875000   3.199381315E-08   5.851234306E-06   0.0002724569948
 4.5000000   2.874897304E-08   5.314442783E-06   0.0002503990897
 4.5125000   2.581715118E-08   4.823328452E-06   0.0002299205421
 4.5250000   2.316910706E-08   4.374194142E-06   0.0002109182706
 4.5375000   2.077824167E-08   3.963626355E-06   0.0001932952288
 4.5500000   1.862036823E-08   3.588474989E-06   0.0001769601126
 4.5625000   1.667350188E-08   3.245834403E-06   0.0001618270784
 4.5750000   1.491766699E-08   2.933025722E-06   0.0001478154712
 4.5875000   1.333472064E-08   2.647580343E-06   0.0001348495625
 4.6000000   1.190819100E-08   2.387224537E-06   0.0001228582981
 4.6125000   1.062312939E-08   2.149865109E-06   0.0001117750560
 4.6250000   9.465974970E-09   1.933576039E-06   0.0001015374140
 4.6375000   8.424431012E-09   1.736586042E-06   9.208692723E-05
 4.6500000   7.487351796E-09   1.557267012E-06   8.336891522E-05
 4.6625000   6.644639317E-09   1.394123263E-06   7.533225828E-05
 4.6750000   5.887148961E-09   1.245781546E-06   6.792920351E-05
 4.6875000   5.206603430E-09   1.110981783E-06   6.111517985E-05
 4.7000000   4.595514240E-09   9.885684690E-07   5.484862214E-05
 4.7125000   4.047110161E-09   8.774827082E-07   4.909080401E-05
 4.7250000   3.555272033E-09   7.767548396E-07   4.380567944E-05
 4.7375000   3.114473429E-09   6.854976158E-07   3.895973269E-05
 4.7500000   2.719726673E-09   6.028999011E-07   3.452183661E-05
 4.7625000   2.366533781E-09   5.282208555E-07   3.046311895E-05
 4.7750000   2.050841915E-09   4.607845741E-07   2.675683656E-05
 4.7875000   1.769002977E-09   3.999751538E-07   2.337825738E-05
 4.8000000   1.517736997E-09   3.452321611E-07   2.030454995E-05
 4.8125000   1.294099027E-09   2.960464761E-07   1.751468028E-05
 4.8250000   1.095449233E-09   2.519564915E-07   1.498931610E-05
 4.8375000   9.194259478E-10   2.125446447E-07   1.271073811E-05
 4.8500000   7.639214529E-10   1.774342651E-07   1.066275835E-05
 4.8625000   6.270602728E-10   1.462867197E-07   8.830645461E-06
 4.8750000   5.071798062E-10   1.187988411E-07   7.201056848E-06
 4.8875000   4.028131228E-10   9.470062590E-08   5.761977614E-06
 4.9000000   3.126737839E-10   7.375318998E-08   4.502666352E-06
 4.9125000   2.356425579E-10   5.574697264E-08   3.413607738E-06
 4.9250000   1.707559236E-10   4.050018007E-08   2.486471997E-06
 4.9375000   1.171962700E-10   2.785746236E-08   1.714081333E-06
 4.9500000   7.428371859E-11   1.768881962E-08   1.090383432E-06
 4.9625000   4.146951242E-11   9.888734322E-09   6.104322372E-07
 4.9750000   1.833093264E-11   4.375529507E-09   2.703761922E-07
 4.9875000   4.567720286E-12   1.090954235E-09   6.745425371E-08
